place(5.488, 1.000, 11.377, "Ace Pilot", 825)
upgrade(5.488, 1.000, 11.377, 300)
upgrade(5.488, 1.000, 11.377, 525)
place(8.933, 1.000, 11.473, "Ace Pilot", 825)
upgrade(8.933, 1.000, 11.473, 300)
upgrade(8.933, 1.000, 11.473, 525)
place(-9.448, 1.000, 3.320, "Trapper", 750)
upgrade(-9.448, 2.350, 3.320, 750)
place(-12.637, 1.000, 3.428, "Trapper", 750)
upgrade(-12.637, 2.350, 3.428, 750)
place(5.506, 1.000, 7.482, "Ace Pilot", 825)
upgrade(5.505, 1.000, 7.482, 668)
upgrade(5.505, 1.000, 7.482, 1226)
place(8.858, 1.000, 7.314, "Ace Pilot", 825)
upgrade(8.858, 1.000, 7.314, 300)
upgrade(8.858, 1.000, 7.314, 525)
place(5.483, 1.000, 15.583, "Ace Pilot", 825)
place(5.348, 1.000, 15.788, "Ace Pilot", 825)
upgrade(5.348, 1.000, 15.788, 300)
place(8.583, 1.000, 15.388, "Ace Pilot", 825)
upgrade(8.583, 1.000, 15.388, 300)
upgrade(8.583, 1.000, 15.388, 525)
upgrade(8.583, 1.000, 15.388, 2775)
place(2.939, 1.000, 3.003, "Freezer", 638)
upgrade(2.939, 2.350, 3.003, 338)
place(7.705, 1.000, 19.211, "Freezer", 638)
place(7.662, 1.000, 19.057, "Freezer", 638)
upgrade(7.662, 2.350, 19.057, 338)
place(13.989, 1.000, 8.320, "Freezer", 638)
upgrade(13.989, 2.350, 8.320, 338)
upgrade(13.989, 2.350, 8.320, 975)
place(9.759, 1.000, 3.628, "Freezer", 638)
upgrade(9.759, 2.350, 3.628, 338)
upgrade(5.488, 1.000, 11.377, 2775)
upgrade(5.488, 1.000, 11.377, 4800)
